/* -*- Mode: Javascript; tab-width: 4; indent-tabs-mode: nil; c-basic-offset: 4 -*- */
{
    "component-manager": {
        "components":
        [
            {
                "shared-library": "sawJoystick",
                "class-name": "mtsJoystick",
                "constructor-arg": {
                    "Name": "joystick"
                },
                "configure-parameter": "misc/sawJoystickConfiguration.json"
            }
        ]
    }
    ,
    "console-inputs":
    {
        "operator-present": {
            "component": "joystick",
            "interface": "OperatorPresent"
        }
        ,
        "clutch": {
            "component": "joystick",
            "interface": "Clutch"
        }
        ,
        "camera": {
            "component": "joystick",
            "interface": "Camera"
        }
    }
    ,
    "arms":
    [
        {
            "name": "PSM1",
            "type": "PSM",
            "serial": "26614",
            "base-frame": {
                "reference-frame": "ECM",
                "transform": [[  1.0,  0.0,          0.0,         -0.20],
                              [  0.0, -0.866025404,  0.5,          0.0 ],
                              [  0.0, -0.5,         -0.866025404,  0.0 ],
                              [  0.0,  0.0,          0.0,          1.0 ]]
            }
        }
        ,
        {
            "name": "PSM2",
            "type": "PSM",
            "serial": "12176",
            "base-frame": {
                "reference-frame": "ECM",
                "transform": [[  1.0,  0.0,          0.0,          0.20],
                              [  0.0, -0.866025404,  0.5,          0.0 ],
                              [  0.0, -0.5,         -0.866025404,  0.0 ],
                              [  0.0,  0.0,          0.0,          1.0 ]]
            }
        }
        ,
        {
            "name": "MTMR_PRIMARY",
            "type": "MTM",
            "serial": "55479",
            "base-frame": {
                "reference-frame": "HRSV",
                "transform": [[ -1.0,  0.0,          0.0,         -0.180],
                              [  0.0,  0.866025404,  0.5,          0.400],
                              [  0.0,  0.5,         -0.866025404,  0.475],
                              [  0.0,  0.0,          0.0,          1.0]]
            }
        }
        ,
        {
            "name": "MTML_PRIMARY",
            "type": "MTM",
            "serial": "24150",
            "base-frame": {
                "reference-frame": "HRSV",
                "transform": [[ -1.0,  0.0,          0.0,          0.180],
                              [  0.0,  0.866025404,  0.5,          0.400],
                              [  0.0,  0.5,         -0.866025404,  0.475],
                              [  0.0,  0.0,          0.0,          1.0]]
            }
        }
        ,
        {
            "name": "MTMR_SECONDARY",
            "type": "MTM",
            "serial": "20945",
            "base-frame": {
                "reference-frame": "HRSV",
                "transform": [[ -1.0,  0.0,          0.0,         -0.180],
                              [  0.0,  0.866025404,  0.5,          0.400],
                              [  0.0,  0.5,         -0.866025404,  0.475],
                              [  0.0,  0.0,          0.0,          1.0]]
            }
        }
	    ,
        {
            "name": "MTML_SECONDARY",
            "type": "MTM",
            "serial": "47286",
            "base-frame": {
                "reference-frame": "HRSV",
                "transform": [[ -1.0,  0.0,          0.0,         -0.180],
                              [  0.0,  0.866025404,  0.5,          0.400],
                              [  0.0,  0.5,         -0.866025404,  0.475],
                              [  0.0,  0.0,          0.0,          1.0]]
            }
        }
    ]
    ,
    "psm-teleops":
    [
        {
            "mtm": "MTMR_PRIMARY",
            "psm": "PSM2",
            "configure-parameter": {
                "scale": 0.2
            }
        }
        ,
        {
            "mtm": "MTML_PRIMARY",
            "psm": "PSM1",
            "configure-parameter": {
                "scale": 0.2
            }
        }
    ]
}

